NCOLS      120
NROWS      60
XLLCORNER    -180
YLLCORNER    -90
CELLSIZE    3
NODATA_VALUE   -9999.000
    60.00    63.00    67.00    71.00    75.00    79.00    83.00    87.00    91.00    95.00    98.00   102.00   105.00   108.00   111.00   114.00   117.00   121.00   125.00   128.00   131.00   134.00   137.00   140.00   143.00   146.00   149.00   153.00   156.00   159.00   161.00   164.00   165.00   165.00   167.00   170.00   173.00   175.00   179.00   168.00   186.00   188.00   191.00   192.00   192.00   194.00   194.00   195.00   195.00   197.00   198.00   200.00   200.00   201.00   202.00   204.00   207.00   211.00   214.00   217.00   219.00   222.00   224.00   228.00   232.00   237.00   242.00   246.00   250.00   254.00   255.00   258.00   260.00   263.00   266.00   269.00   272.00   274.00   276.00   278.00   279.00   279.00   287.00   288.00   291.00   294.00   297.00   300.00   303.00   306.00   309.00   312.00   315.00   318.00   321.00   324.00   329.00   333.00   336.00   339.00   344.00   347.00   351.00   354.00   359.00     3.00     6.00     9.00    12.00    17.00    21.00    26.00    30.00    33.00    38.00    41.00    44.00    48.00    53.00    57.00
    96.00   102.00   239.00   233.00   230.00   219.00   214.00   213.00   210.00   210.00   210.00   208.00   205.00   201.00   195.00   186.00   180.00   175.00   177.00   168.00   156.00   147.00   153.00   156.00   156.00   158.00   159.00   165.00   162.00   159.00   162.00   161.00   155.00   152.00   150.00   150.00   150.00   153.00   156.00   160.00   165.00   168.00   153.00   173.00   132.00   150.00   152.00   161.00   156.00   162.00   161.00   161.00   164.00   174.00   186.00   195.00   201.00   207.00   231.00   307.00    36.00    72.00    60.00    62.00    60.00    63.00    66.00    75.00    87.00   106.00   124.00   151.00   186.00   200.00   206.00   213.00   194.00   201.00   206.00   237.00   242.00   246.00   249.00   257.00   260.00   264.00   267.00   272.00   306.00   273.00   277.00   281.00   285.00   292.00   299.00   303.00   309.00   315.00   321.00   326.00   332.00   333.00   336.00   338.00   341.00   343.00   345.00   347.00   348.00   353.00   354.00   358.00     2.00     0.00     3.00     5.00     6.00     9.00    19.00    39.00
   144.00   156.00   168.00   177.00   192.00   198.00   201.00   204.00   197.00   198.00   201.00   210.00   217.00   222.00   233.00   241.00   216.00   251.00   237.00   266.00   270.00   291.00   286.00   281.00    19.00   266.00   216.00   186.00   174.00   162.00   175.00   217.00   150.00   173.00   214.00   197.00   225.00   179.00   174.00   145.00   153.00   131.00   129.00   138.00   144.00   139.00   156.00   177.00   167.00   165.00   177.00   302.00   345.00    49.00   354.00     5.00   359.00    15.00    36.00    61.00    69.00    74.00    79.00    87.00    94.00   112.00   126.00   133.00   142.00   154.00   150.00   159.00   178.00   183.00   189.00   197.00   199.00   198.00   202.00   206.00   210.00   202.00   216.00   216.00   204.00   210.00   223.00   236.00   248.00   250.00   269.00   273.00   200.00   286.00   296.00   303.00   308.00   311.00   309.00   310.00   312.00   317.00   321.00   324.00   326.00   327.00   326.00   327.00   323.00   303.00   303.00   309.00   338.00   343.00   354.00   341.00    57.00    78.00   115.00   132.00
   123.00   131.00   141.00   144.00   152.00   156.00   161.00   167.00   173.00   177.00   183.00   185.00   198.00   195.00   198.00   206.00   218.00   234.00   246.00   207.00   260.00   278.00   286.00   299.00   309.00   299.00   314.00   313.00   135.00    71.00   231.00   167.00   155.00   130.00   332.00   213.00    77.00    16.00   152.00   150.00   162.00   171.00   180.00   195.00   232.00   244.00   291.00   309.00   304.00   290.00   285.00   313.00   299.00   306.00     1.00    12.00    28.00    43.00    63.00    75.00    88.00   105.00   188.00   137.00   208.00   132.00   137.00   116.00   344.00   164.00   162.00   147.00   153.00   153.00   154.00   163.00   151.00   154.00   144.00   131.00   123.00   143.00   156.00   132.00   183.00   183.00   141.00   138.00   167.00   180.00   167.00   168.00   138.00   173.00   168.00   255.00   276.00   289.00   294.00   303.00   306.00   315.00   320.00   326.00   332.00   326.00   326.00   327.00   339.00   350.00   359.00     9.00    20.00    27.00    38.00    45.00    49.00    54.00    90.00   108.00
   129.00   132.00   131.00   137.00   146.00   146.00   150.00   155.00   162.00   167.00   177.00   176.00   183.00   176.00   189.00   216.00   219.00   229.00   230.00   259.00   264.00   247.00   297.00   331.00   330.00   343.00   342.00   339.00    23.00    81.00   212.00    58.00   143.00   353.00    12.00   336.00   345.00    95.00    44.00    23.00    78.00    90.00    93.00    99.00   107.00   112.00   172.00   298.00   333.00   327.00   333.00   318.00   291.00   289.00   341.00   339.00   343.00   348.00   355.00    13.00    84.00   118.00   130.00   133.00   114.00    57.00    82.00    89.00    76.00    71.00    88.00    93.00    96.00   101.00   108.00   113.00   117.00   114.00   114.00   156.00   117.00   186.00   252.00   191.00   216.00   221.00   222.00   221.00   225.00   224.00   225.00   236.00   233.00   222.00   251.00   255.00   252.00   305.00   301.00   305.00   305.00   308.00   308.00   332.00   338.00   318.00   324.00   326.00   333.00   333.00   338.00   343.00   358.00    17.00    26.00   106.00   119.00   132.00   136.00   132.00
   219.00   198.00   191.00   188.00   187.00   183.00   177.00   170.00   165.00   167.00   159.00   153.00   147.00   155.00   159.00   165.00   173.00   191.00   279.00   265.00   258.00    28.00   279.00   280.00   300.00   309.00   309.00   303.00   290.00   117.00   320.00    23.00    36.00   177.00    51.00    66.00    94.00   159.00   177.00   186.00   253.00   105.00   119.00   119.00   120.00   114.00   102.00   345.00   348.00   327.00   342.00   312.00   137.00    30.00   312.00   304.00   310.00   305.00   278.00   254.00   245.00   231.00   264.00   260.00   317.00   352.00   332.00   351.00    28.00    46.00    94.00   122.00   135.00   135.00   132.00   129.00   119.00    90.00   117.00    21.00   156.00   168.00   181.00   178.00   159.00   146.00    54.00   114.00    30.00    38.00   105.00    93.00    53.00    27.00    34.00    96.00    93.00    62.00    41.00     3.00     9.00     6.00   321.00   320.00   327.00   324.00   311.00   327.00   320.00   321.00   321.00   318.00   312.00   305.00   263.00   254.00   234.00   252.00   243.00   249.00
   256.00   355.00   167.00   165.00   152.00    38.00    33.00   123.00    78.00    69.00    69.00    62.00    63.00    78.00    84.00    83.00    80.00   102.00    92.00    96.00    51.00   210.00   240.00   310.00   332.00     6.00   315.00   320.00   302.00    27.00    17.00   319.00   339.00   127.00    68.00    71.00    70.00   110.00    93.00    99.00   114.00   123.00   169.00   108.00   134.00   116.00    96.00    48.00     6.00   335.00   219.00   238.00    12.00   243.00   189.00    29.00    18.00     6.00   189.00   240.00   247.00   252.00   262.00   351.00   302.00   312.00   313.00   308.00   322.00   148.00   114.00   152.00   156.00   158.00   183.00   198.00   121.00   105.00    96.00   117.00   131.00   131.00   117.00   102.00    87.00    68.00    51.00    57.00    56.00    56.00    61.00    78.00    94.00    93.00    75.00    88.00    73.00    31.00    31.00    28.00    30.00    41.00    55.00    56.00    15.00   350.00   315.00   311.00   311.00   311.00   306.00   311.00   297.00   300.00   228.00   249.00   267.00   266.00   251.00   255.00
    70.00   312.00   180.00   150.00   235.00   271.00   228.00   221.00   186.00   155.00   101.00   132.00   102.00   124.00    83.00   142.00   138.00   128.00   147.00   155.00   142.00    55.00    42.00    37.00   323.00   334.00   332.00   327.00   306.00   305.00    17.00   332.00    67.00   222.00   289.00   282.00    52.00    69.00   353.00   185.00   177.00   180.00     9.00   144.00   167.00    75.00    24.00    63.00   300.00    33.00    39.00    45.00    54.00    66.00    80.00    87.00   101.00   120.00   145.00   175.00   217.00   252.00   251.00   292.00   330.00   282.00   306.00   342.00   357.00   153.00   135.00   130.00   155.00   195.00   176.00   204.00   311.00   231.00   150.00   136.00   128.00   100.00    72.00    51.00    45.00    38.00    33.00    49.00    56.00   101.00    45.00    42.00    60.00    29.00    51.00    50.00    51.00    47.00    41.00    40.00    20.00   350.00   111.00    24.00     8.00   315.00    63.00    44.00   342.00   342.00   324.00   309.00   299.00   303.00   298.00   294.00   324.00   323.00   307.00   290.00
   195.00   178.00   210.00   222.00   315.00   201.00   298.00   283.00   198.00   231.00   201.00   196.00   227.00   209.00   209.00   198.00   212.00   211.00   162.00   150.00     0.00   117.00   114.00    96.00    76.00    18.00   344.00   336.00   327.00   325.00   309.00   297.00   145.00   339.00   348.00   240.00   326.00   305.00   101.00    41.00   126.00   140.00   165.00   120.00   245.00   231.00   301.00    12.00    26.00    25.00    36.00    60.00   135.00   150.00   213.00   212.00   219.00   229.00   212.00   174.00   177.00   217.00   241.00   282.00   288.00   309.00   315.00   330.00   222.00   181.00   173.00   180.00   187.00   181.00   198.00   176.00   223.00   333.00   351.00    86.00    76.00   138.00   184.00   237.00   345.00    10.00    27.00    44.00    45.00    82.00    63.00    64.00    57.00    22.00     2.00   347.00    35.00    15.00    90.00    98.00    79.00   122.00   156.00   148.00    42.00   237.00   339.00   209.00     3.00   117.00   327.00   302.00   327.00   324.00   286.00   301.00   297.00   343.00   330.00   285.00
   226.00   224.00   316.00     6.00    12.00    57.00    90.00   133.00   201.00   175.00   141.00   170.00   210.00    78.00   205.00   215.00   232.00   243.00   218.00   289.00   102.00   120.00    20.00   176.00   105.00   144.00    83.00     9.00   329.00   241.00   298.00   329.00   328.00   273.00   239.00   191.00   135.00   198.00   246.00   251.00   245.00   194.00   161.00   152.00    92.00   302.00   346.00   332.00   299.00   286.00   337.00   251.00   240.00   233.00   231.00   229.00   231.00   234.00   224.00   227.00   204.00   193.00   252.00   329.00   330.00   317.00   324.00   296.00   257.00   201.00   204.00   198.00   201.00   202.00   193.00   171.00   243.00   333.00   285.00   345.00   129.00   108.00    86.00    36.00    15.00     7.00    30.00   342.00    14.00    85.00    96.00    59.00    51.00    52.00   300.00    21.00   355.00   348.00   300.00   343.00    25.00   136.00   128.00   118.00   129.00   144.00   205.00   243.00   185.00    20.00    43.00   305.00    90.00   217.00   219.00   266.00   245.00   270.00   243.00   236.00
   312.00   354.00     8.00    18.00    42.00   120.00   153.00   165.00   141.00   123.00   180.00   177.00   177.00   184.00   221.00   216.00   231.00   262.00   346.00   273.00   292.00   266.00   120.00   339.00    81.00   149.00   195.00   205.00    81.00   279.00   309.00   288.00   284.00   264.00   246.00   258.00   158.00    74.00   305.00   159.00   204.00   200.00   188.00   190.00   249.00   282.00   282.00   234.00   236.00   257.00   252.00   246.00   243.00   242.00   241.00   241.00   239.00   221.00   222.00   200.00   211.00   301.00   308.00     5.00   257.00   291.00   318.00   288.00   249.00   218.00   216.00   168.00   199.00   194.00   261.00   183.00   255.00   285.00   293.00   330.00   337.00    87.00    74.00    47.00    18.00     3.00   345.00    12.00   336.00    63.00    74.00    30.00    90.00   106.00   114.00    26.00   327.00   288.00    45.00     7.00   157.00   166.00   213.00    42.00   129.00   156.00   126.00   218.00   234.00   249.00   270.00   246.00   222.00   237.00   219.00   237.00   259.00   270.00   273.00   195.00
   351.00   348.00    10.00   251.00   231.00   241.00   220.00   228.00   225.00   225.00   216.00   197.00   195.00   193.00   238.00   268.00   258.00   272.00   252.00   246.00   269.00   288.00   294.00   303.00   196.00   230.00   150.00   141.00   112.00   340.00     9.00   358.00   200.00   231.00   271.00   306.00   177.00   167.00   153.00   140.00   141.00    81.00   105.00    49.00    73.00   103.00   124.00   150.00   189.00   230.00   240.00   238.00   240.00   192.00     4.00   209.00   192.00   125.00   173.00   234.00   207.00   249.00   303.00   287.00   294.00   300.00   318.00   312.00   234.00   207.00   192.00   206.00   256.00   158.00   144.00    93.00    51.00   258.00   324.00     0.00   318.00   354.00    66.00    30.00    33.00    28.00    21.00    39.00    15.00   193.00    72.00   161.00   165.00   165.00   111.00   252.00   171.00   330.00   112.00    98.00   108.00   101.00    93.00   109.00   163.00    83.00   108.00   162.00   178.00   220.00   165.00   166.00   261.00   279.00   198.00   192.00   298.00   327.00   336.00   349.00
   309.00   279.00   261.00   247.00   233.00   232.00   228.00   221.00   224.00   225.00   225.00   204.00   210.00   229.00   297.00   324.00   327.00   261.00   358.00   318.00   200.00    18.00    24.00   311.00   231.00   202.00   197.00   160.00   267.00   274.00   267.00   300.00    15.00    96.00   284.00   306.00   258.00   222.00   219.00   105.00   212.00    22.00    11.00     3.00    72.00   148.00   147.00   135.00   142.00   144.00   156.00    29.00    16.00    33.00   108.00   136.00   107.00   134.00   106.00   132.00   162.00    42.00   330.00   279.00   301.00   291.00   282.00   226.00   310.00   208.00   206.00   237.00   310.00   159.00    69.00     0.00    59.00    20.00     3.00   315.00   325.00   330.00   349.00    12.00    28.00    51.00    69.00    87.00    20.00   145.00   201.00   224.00   182.00   231.00    93.00   208.00   288.00   289.00   255.00    81.00   129.00   131.00   171.00   172.00   172.00   357.00   157.00   135.00   168.00   183.00   240.00   180.00   261.00   141.00    31.00    42.00    42.00    15.00   344.00   332.00
   270.00   256.00   248.00   244.00   240.00   243.00   224.00   219.00   228.00   240.00   249.00   212.00   225.00   267.00   309.00   324.00   277.00   304.00   131.00   234.00   203.00   222.00   245.00   309.00   280.00   181.00   187.00   180.00   213.00   331.00   165.00   265.00   264.00   179.00   261.00   286.00   265.00   231.00   177.00   189.00   209.00   303.00   109.00   282.00   264.00   257.00   209.00   165.00   155.00   152.00   102.00    66.00    38.00    39.00   123.00   135.00   118.00    98.00    92.00    77.00    62.00    36.00    21.00    27.00   270.00   309.00   271.00   254.00   349.00   254.00    56.00    25.00   354.00     4.00   175.00    95.00    29.00    36.00    71.00     3.00   345.00   345.00   312.00   300.00   297.00   215.00   235.00   167.00    42.00   226.00   276.00   180.00    65.00   339.00   101.00   167.00   337.00   291.00   312.00   144.00   117.00    91.00    93.00    90.00    91.00    81.00   126.00   117.00   143.00   142.00   123.00   262.00    64.00    60.00    39.00     3.00    33.00    96.00   315.00   291.00
   257.00   267.00   265.00   258.00   242.00   216.00   213.00   225.00   240.00   255.00   270.00   243.00   252.00   295.00   312.00   315.00   328.00   318.00   302.00   303.00   229.00   318.00   255.00   270.00   310.00   123.00   132.00    63.00   138.00    54.00    75.00   166.00   225.00   228.00   251.00   243.00   253.00   215.00   228.00   194.00   213.00   259.00   252.00   261.00   275.00   274.00   246.00   215.00   179.00   174.00   134.00    20.00    37.00    70.00   140.00   261.00   167.00    98.00    82.00    75.00    76.00    14.00   114.00   330.00    43.00    35.00   354.00    28.00   272.00   353.00   281.00    44.00    18.00    70.00    45.00    65.00    48.00    57.00    67.00    30.00    18.00   353.00   357.00   339.00   250.00   215.00   192.00    74.00   348.00    73.00    28.00   294.00    61.00    51.00   156.00    15.00     6.00   328.00   333.00   195.00    57.00    81.00   109.00    94.00    96.00    95.00    58.00    86.00   117.00   116.00   135.00   184.00   291.00   285.00   307.00   287.00   255.00   258.00   249.00   257.00
    33.00    49.00   234.00   207.00   207.00   213.00   216.00   232.00   255.00   270.00   284.00   260.00   297.00   316.00   326.00   318.00   315.00   327.00   342.00   324.00   270.00   263.00   183.00   274.00   332.00    99.00    95.00    93.00    62.00    68.00    87.00   138.00    95.00   110.00    60.00   200.00   186.00   211.00   244.00   241.00   255.00   257.00   234.00   277.00   276.00   276.00   270.00   231.00   224.00   237.00   348.00     0.00    21.00    46.00   133.00   140.00     4.00   135.00   294.00    95.00   182.00   354.00   104.00    93.00   348.00    28.00   175.00   112.00   203.00   234.00   342.00   327.00    54.00    61.00   240.00   276.00    78.00   114.00   102.00    23.00     9.00   350.00     4.00   194.00   163.00   220.00   219.00    81.00   259.00    57.00   300.00   212.00   262.00   192.00   108.00   312.00     3.00     0.00     2.00    36.00     6.00    54.00    85.00    68.00    87.00    51.00    63.00   133.00    94.00   109.00   119.00   120.00   132.00   298.00   281.00   281.00   283.00   331.00    18.00    33.00
   192.00   203.00   201.00   204.00   207.00   200.00   214.00   218.00   312.00     1.00   342.00   349.00   342.00   341.00   345.00   340.00   342.00   340.00   358.00   226.00   246.00   279.00    35.00   334.00   216.00    21.00    72.00    65.00    63.00    17.00   144.00   142.00   171.00   153.00   130.00   155.00   163.00   159.00   171.00   256.00   284.00   321.00   324.00   311.00   295.00   273.00   234.00   249.00   263.00   318.00   339.00   337.00   336.00    26.00   157.00   174.00     3.00   274.00    25.00   225.00   193.00   284.00   291.00   197.00   289.00   308.00    64.00   354.00    60.00     0.00    17.00    91.00     1.00    15.00   341.00   229.00   357.00     6.00    97.00    65.00    23.00    33.00   318.00    30.00   153.00   304.00   348.00    93.00   102.00    58.00     6.00    66.00    47.00   206.00   230.00   175.00   202.00   306.00   299.00   272.00   243.00   227.00   186.00    33.00    73.00    69.00    26.00   140.00   116.00   145.00   122.00   110.00    96.00    89.00    69.00    62.00    60.00    56.00    54.00    63.00
   195.00   193.00   192.00   185.00   170.00   153.00   126.00    83.00    44.00    38.00    36.00    50.00    37.00    32.00    18.00    18.00   354.00   344.00   329.00   274.00   214.00   191.00   293.00   281.00   325.00    18.00   192.00   187.00   222.00   336.00   199.00   174.00    65.00   113.00   129.00   171.00   227.00   222.00   216.00   199.00    72.00   305.00   306.00   339.00   248.00   233.00   249.00   280.00   327.00   345.00   324.00   318.00   312.00   287.00   222.00   256.00   340.00     4.00   162.00     6.00    78.00    93.00    83.00   138.00    30.00   242.00   318.00   293.00   347.00   354.00    27.00   231.00   309.00   225.00    18.00    33.00   150.00   346.00    78.00    25.00   358.00   336.00   147.00    83.00    11.00   241.00   155.00   145.00   186.00    22.00   281.00   325.00   210.00    19.00   221.00   325.00   320.00   115.00   145.00   224.00   234.00   332.00   120.00    28.00   350.00   116.00    70.00   201.00   174.00   182.00   198.00   135.00   101.00    80.00    56.00    51.00    47.00    75.00   184.00   198.00
   176.00   162.00   155.00   135.00   108.00   104.00    90.00    75.00    46.00    36.00    30.00     6.00   288.00   317.00   297.00   340.00   348.00   347.00   338.00   329.00   220.00   169.00   288.00   323.00   259.00   167.00   161.00   166.00   172.00   182.00   180.00   161.00   173.00   195.00   198.00   197.00   192.00   206.00   246.00   283.00   313.00   327.00   331.00   272.00   222.00   235.00   323.00   338.00   332.00   330.00   292.00   309.00   290.00   296.00   324.00   336.00   348.00   312.00    78.00     8.00    39.00   357.00   110.00   109.00    83.00     8.00   343.00   335.00   330.00   297.00   255.00   230.00   249.00   300.00   314.00   320.00   112.00    25.00    43.00   104.00    17.00    23.00     4.00   235.00    36.00   242.00   342.00    78.00   356.00    31.00   100.00    18.00   305.00    84.00    55.00   297.00   243.00   289.00    93.00   101.00   289.00   312.00   297.00   260.00   241.00   336.00   229.00   189.00   192.00   189.00   201.00   256.00   297.00     2.00   335.00   285.00   195.00   225.00   203.00   194.00
   147.00   132.00   113.00   105.00    93.00    85.00    87.00    79.00    71.00    61.00    45.00    39.00    49.00    30.00    24.00    16.00     9.00     2.00   348.00   335.00   299.00   164.00   270.00    90.00   110.00   125.00   143.00   148.00   173.00   146.00   117.00   162.00   142.00   153.00   175.00   173.00   164.00   150.00   122.00     5.00    17.00    22.00   222.00   149.00   137.00    66.00    69.00    58.00    17.00     4.00     3.00   345.00   343.00   345.00   358.00     9.00    12.00   138.00   306.00   159.00   135.00    84.00    44.00    47.00    74.00    69.00     8.00     3.00   318.00   305.00   311.00   358.00   315.00   337.00   342.00   314.00    76.00   285.00   313.00    49.00   332.00   148.00    96.00   154.00   175.00    74.00   273.00   234.00   318.00   221.00    80.00   126.00   129.00   198.00   154.00    28.00     5.00   347.00   190.00   156.00   128.00   202.00   348.00   294.00   209.00   231.00   220.00   218.00   211.00   204.00   218.00   336.00   273.00   267.00   295.00   269.00   215.00   200.00   176.00   168.00
   110.00   108.00   105.00    98.00    77.00    89.00    90.00    95.00    86.00    77.00    72.00    72.00    72.00    62.00    45.00    30.00    15.00     9.00   359.00   341.00   317.00   300.00   160.00   197.00    87.00    93.00   136.00   153.00   177.00   135.00   105.00   105.00    77.00   126.00   131.00   123.00   126.00   114.00    93.00    72.00    49.00    42.00    60.00    83.00    85.00    73.00    73.00    66.00    69.00    53.00    48.00    39.00    26.00    21.00    39.00     7.00   350.00   124.00   117.00    86.00     0.00     0.00    50.00    87.00    80.00    47.00     9.00   338.00    16.00    32.00   354.00   345.00    20.00   353.00   332.00   345.00   195.00    33.00   304.00   322.00    31.00   141.00   105.00   115.00   103.00   129.00    72.00    87.00   118.00   180.00   204.00   309.00    54.00     7.00    29.00   202.00   173.00   187.00   212.00   190.00   237.00   234.00   230.00   247.00   218.00   218.00   216.00   204.00   200.00   189.00   201.00   186.00   242.00   303.00   148.00   209.00   177.00   177.00   147.00   126.00
   113.00   105.00    99.00    95.00    89.00    87.00    99.00    95.00    87.00    80.00    72.00    71.00    74.00    68.00    55.00    39.00    27.00    18.00    12.00   356.00   329.00   323.00   285.00   203.00   204.00    76.00    99.00   142.00   120.00    42.00    57.00   102.00   128.00   113.00   111.00   111.00   114.00   105.00    96.00    81.00    72.00    60.00    66.00    81.00    69.00    69.00    75.00    69.00    69.00    65.00    57.00    44.00    27.00    17.00    21.00    10.00   352.00    43.00    56.00    34.00    31.00    15.00    84.00    89.00    70.00    66.00    18.00    18.00   352.00   306.00   336.00   266.00   214.00   334.00    57.00   342.00   214.00    44.00    19.00    80.00    44.00    66.00    47.00   164.00   208.00   237.00   249.00    74.00   115.00   141.00   145.00   191.00    73.00   225.00   210.00   132.00   171.00   168.00   195.00   270.00     0.00   160.00   213.00   219.00   234.00   209.00   197.00   186.00   177.00   156.00   134.00   101.00    87.00    69.00    90.00   101.00   113.00   114.00   112.00   110.00
   114.00    93.00    98.00    96.00    95.00    96.00    81.00    80.00    81.00    80.00    75.00    72.00    71.00    63.00    55.00    47.00    39.00    33.00    23.00     5.00   342.00   335.00   311.00   254.00   276.00    54.00   106.00   104.00    84.00    66.00    36.00   229.00   186.00    81.00    99.00    98.00   106.00   100.00    89.00    80.00    72.00    69.00    67.00    69.00    65.00    68.00    74.00    73.00    69.00    65.00    54.00    38.00    20.00    14.00     9.00     8.00    15.00   106.00    99.00   100.00    91.00   106.00   129.00    96.00    53.00    57.00   341.00    20.00     3.00     4.00   327.00   337.00   291.00   278.00   310.00   343.00   126.00    87.00   161.00   198.00   235.00   289.00   205.00   200.00   200.00   244.00   320.00    23.00    53.00   100.00   132.00   163.00   208.00   170.00   254.00   183.00   156.00   195.00   234.00   241.00   239.00   228.00   213.00   209.00   201.00   183.00   166.00   158.00   140.00   118.00    98.00    87.00    78.00    81.00    84.00    82.00    89.00    95.00    99.00   100.00
    96.00    96.00    98.00    99.00   105.00    86.00    91.00    51.00    60.00    71.00    71.00    69.00    65.00    59.00    56.00    50.00    43.00    43.00    30.00    19.00     9.00   350.00   330.00   311.00   288.00   189.00   204.00    78.00    36.00   356.00   120.00    85.00    84.00    56.00   129.00   320.00   105.00    90.00    86.00    77.00    74.00    68.00    70.00    66.00    63.00    73.00    77.00    72.00    66.00    67.00    54.00    33.00    12.00   344.00   314.00   251.00   290.00   173.00   177.00   166.00   141.00   121.00   147.00   189.00   183.00   237.00   120.00    40.00    29.00    34.00   335.00   282.00   295.00   319.00   342.00    38.00   124.00   141.00   182.00   216.00   237.00   258.00   246.00   238.00   190.00   265.00   272.00   275.00   277.00   209.00   192.00   193.00   174.00   147.00   238.00   200.00   162.00   194.00   210.00   219.00   228.00   215.00   200.00   168.00   158.00   153.00   131.00   119.00   102.00    96.00    86.00    85.00    81.00    78.00    95.00    89.00    89.00    87.00    93.00   100.00
   103.00    94.00    95.00    93.00    90.00    78.00    69.00    53.00    69.00    69.00    77.00    65.00    63.00    62.00    53.00    51.00    50.00    46.00    45.00    37.00    31.00    16.00     6.00   351.00     1.00    93.00   126.00   210.00   320.00   144.00    56.00    61.00    58.00    84.00    81.00    86.00    79.00    83.00    80.00    80.00    75.00    76.00    68.00    63.00    63.00    70.00    69.00    68.00    66.00    66.00    61.00    49.00   354.00   320.00   287.00   277.00   257.00   199.00   195.00   214.00   196.00   145.00   204.00   160.00   205.00   188.00   199.00    87.00   179.00   183.00   234.00   200.00   176.00   334.00   112.00   307.00   143.00    96.00   222.00   219.00   232.00   242.00   249.00   255.00   256.00   249.00   276.00   270.00   246.00   225.00   216.00   199.00   158.00   127.00   213.00   228.00     0.00   195.00   198.00   203.00   194.00   177.00   176.00    90.00   138.00   122.00   116.00   110.00    87.00    78.00    82.00    83.00    78.00    82.00    93.00    90.00    76.00    84.00    88.00    99.00
    93.00    87.00    87.00    84.00    78.00    72.00    68.00    64.00    63.00    69.00    63.00    62.00    62.00    56.00    57.00    54.00    63.00    69.00    57.00    50.00    51.00    46.00    45.00   333.00   320.00   219.00   162.00   190.00    18.00   312.00   224.00    66.00    57.00    63.00    66.00    65.00    77.00    86.00    81.00    76.00    85.00    83.00    74.00    70.00    66.00    63.00    65.00    63.00    68.00    77.00    78.00    87.00   308.00   302.00   304.00   240.00   210.00   220.00   200.00   196.00   211.00   211.00   234.00   215.00    93.00   216.00   207.00    99.00   207.00   202.00   179.00   164.00   201.00   259.00   328.00   259.00   250.00   187.00   210.00   219.00   231.00   241.00   253.00   258.00   267.00   250.00   266.00   246.00   239.00   222.00   215.00   225.00   232.00   248.00   198.00   156.00   230.00   207.00   202.00   207.00   209.00   174.00   128.00    94.00   121.00   135.00   129.00   109.00    96.00    90.00    85.00    83.00    73.00    88.00    88.00    87.00    77.00    76.00    79.00    93.00
    90.00    81.00    78.00    78.00    80.00    73.00    66.00    64.00    69.00    63.00    66.00    63.00    63.00    64.00    66.00    87.00   162.00   154.00   190.00   234.00   196.00   267.00   261.00   264.00   257.00   255.00   227.00   306.00    34.00    78.00    63.00    66.00    18.00    30.00    45.00    59.00    50.00    66.00    81.00    81.00    92.00    91.00    78.00    65.00    63.00    61.00    63.00    68.00    73.00    94.00   138.00   192.00   261.00   303.00   248.00   192.00     4.00   204.00   213.00   246.00   255.00   225.00   203.00   180.00   186.00   222.00   201.00   316.00   225.00   147.00   244.00   136.00    79.00   212.00   267.00   200.00   241.00   206.00   213.00   222.00   235.00   247.00   252.00   270.00   272.00   203.00   281.00   243.00   209.00   213.00   217.00   227.00   242.00   256.00   292.00   192.00   242.00   233.00   229.00   221.00   184.00   195.00   155.00   175.00   173.00   150.00   134.00   105.00    93.00    90.00    90.00    83.00    84.00    87.00    85.00    96.00    79.00    74.00    96.00   107.00
    71.00    70.00    86.00    86.00    81.00    74.00    71.00    65.00    58.00    62.00    65.00    70.00    87.00   132.00   154.00   151.00   153.00   155.00   138.00   140.00   188.00   201.00   207.00   212.00   210.00   201.00   208.00   226.00   239.00   318.00   234.00   213.00   246.00   287.00   205.00   223.00    77.00    15.00    87.00    42.00    75.00    76.00    97.00    93.00    75.00    57.00    21.00   103.00   177.00   125.00   167.00   174.00   184.00   200.00   215.00   210.00   214.00   235.00   183.00   215.00   199.00   197.00   231.00   167.00   215.00   357.00   324.00   354.00   249.00   214.00    42.00   109.00   243.00   195.00   210.00   218.00   228.00   217.00   221.00   234.00   247.00   252.00   262.00   265.00   283.00   291.00   245.00    41.00   223.00   225.00   222.00   220.00   277.00   229.00   205.00   205.00   195.00   247.00   249.00   198.00   120.00   177.00   213.00   219.00   193.00    93.00   121.00   108.00   101.00    95.00    93.00    85.00    92.00    99.00    96.00   107.00    83.00    76.00   108.00    90.00
    96.00    97.00   101.00    97.00    97.00    94.00    87.00    90.00    92.00   105.00   121.00   130.00   132.00   139.00   128.00   128.00   128.00   137.00   140.00   146.00   150.00   156.00   162.00   165.00   162.00   168.00   174.00   198.00   204.00   194.00   201.00   210.00   230.00   252.00   231.00    54.00    39.00   352.00    95.00   121.00    52.00    57.00   105.00   111.00   132.00   141.00   149.00   155.00   158.00   147.00   147.00   146.00   146.00   159.00   167.00   177.00   179.00   192.00   192.00   202.00   206.00   213.00   234.00   328.00   258.00   142.00    24.00    78.00   357.00    73.00   226.00   173.00   140.00   183.00   195.00   220.00   225.00   225.00   231.00   238.00   240.00   249.00   251.00   248.00   242.00   287.00   277.00   245.00   236.00   242.00   217.00   180.00   238.00   108.00   234.00   186.00   198.00     6.00   133.00   305.00   302.00   267.00   227.00   225.00   203.00   101.00    60.00   124.00   103.00    81.00    87.00    90.00   123.00   103.00    96.00   105.00   114.00    87.00    97.00    96.00
   105.00   105.00   102.00    93.00    94.00    95.00   102.00   107.00   114.00   126.00   126.00   128.00   122.00   116.00   120.00   123.00   114.00   116.00   123.00   128.00   130.00   131.00   134.00   132.00   137.00   141.00   153.00   158.00   165.00   158.00   177.00   195.00   208.00   250.00    84.00    81.00    53.00    39.00   110.00    15.00    99.00   104.00    72.00    87.00   109.00   122.00   134.00   137.00   137.00   131.00   126.00   126.00   128.00   138.00   146.00   137.00   140.00   155.00   164.00   176.00   190.00   201.00   225.00   222.00   243.00    64.00    70.00   357.00    32.00    31.00    17.00   126.00   124.00   166.00   217.00   208.00   203.00   205.00   205.00   207.00   206.00   189.00   171.00   170.00   177.00   196.00   229.00   239.00   242.00   244.00   197.00   132.00   177.00   189.00   107.00   153.00   122.00   147.00    60.00   233.00   168.00   144.00   137.00   159.00    48.00    74.00    96.00    71.00    99.00    99.00   103.00   105.00    97.00   101.00   114.00   121.00   114.00   108.00    97.00    98.00
    99.00    97.00    99.00    95.00    89.00    91.00   100.00    95.00   102.00   104.00   110.00   107.00   110.00   118.00   104.00   111.00   117.00   117.00   122.00   123.00   119.00   129.00   129.00   120.00   122.00   131.00   137.00   140.00   141.00   141.00   161.00   174.00   198.00   348.00    21.00   115.00   148.00    80.00    87.00    28.00    66.00    63.00    54.00    57.00    44.00    74.00   100.00   129.00   119.00   113.00   111.00   111.00   110.00   113.00   120.00   125.00   135.00   144.00   147.00   151.00   166.00   182.00   204.00   247.00   238.00    26.00    13.00   348.00   357.00    84.00   230.00    81.00   127.00   173.00   177.00   177.00   182.00   179.00   178.00   182.00   158.00   156.00   144.00   141.00   145.00   154.00   189.00   195.00   264.00   339.00     6.00    57.00    93.00    66.00   165.00   146.00   120.00   356.00   270.00   206.00   110.00   195.00   123.00   146.00   103.00   124.00   102.00    93.00    93.00    93.00   105.00    90.00   105.00    99.00   103.00   110.00   123.00   112.00   108.00   104.00
   111.00   108.00   104.00   102.00   101.00   100.00   102.00   106.00   103.00   110.00   101.00   102.00   102.00   108.00   107.00   108.00   112.00   116.00   116.00   114.00   117.00   119.00   120.00   121.00   120.00   123.00   123.00   130.00   131.00   135.00   144.00   157.00   170.00   297.00    52.00   359.00    50.00    21.00   136.00     8.00   103.00    30.00    52.00   106.00    75.00   132.00   117.00   114.00   131.00   119.00   116.00   117.00   114.00   114.00   126.00   129.00   138.00   143.00   149.00   150.00   154.00   162.00   177.00   216.00   241.00   207.00    60.00    64.00   123.00    81.00   180.00   111.00   148.00   155.00   169.00   170.00   158.00   153.00   156.00   159.00   141.00   146.00   138.00   141.00   138.00   142.00   156.00   171.00   156.00     7.00     2.00    36.00    81.00   123.00   339.00   137.00    95.00   126.00    75.00   111.00   114.00   133.00   130.00   125.00   126.00    80.00   184.00    82.00   129.00   137.00   177.00   114.00   107.00   101.00   111.00   114.00   111.00   111.00   111.00   117.00
   102.00    99.00    93.00    96.00    90.00    97.00    97.00    98.00   105.00   111.00   110.00   100.00    96.00    95.00   102.00    97.00   101.00   108.00   118.00   119.00   119.00   120.00   116.00   114.00   114.00   118.00   120.00   121.00   124.00   125.00   134.00   143.00   147.00   168.00   216.00   358.00    11.00    29.00    57.00   190.00    59.00    54.00    78.00   317.00    72.00   122.00    99.00   140.00   141.00   131.00   125.00   129.00   121.00   120.00   124.00   131.00   140.00   149.00   148.00   147.00   151.00   160.00   181.00   215.00   193.00   295.00   153.00   138.00   129.00   137.00   165.00   162.00    99.00   147.00   166.00   159.00   151.00   137.00   141.00   132.00   132.00   131.00   132.00   129.00   132.00   142.00   144.00   149.00   129.00    65.00    27.00    44.00    72.00   102.00   113.00   105.00    57.00   226.00   139.00   114.00   124.00   119.00   140.00   126.00   135.00   122.00   129.00   148.00   303.00   156.00   122.00    80.00   102.00   105.00   105.00   111.00   114.00   112.00   105.00   107.00
    96.00   105.00   112.00   118.00   114.00   111.00   111.00   105.00   109.00   113.00   118.00   114.00   110.00    93.00    93.00   100.00    95.00   103.00   108.00   112.00   110.00   112.00   110.00   113.00   116.00   116.00   116.00   119.00   120.00   123.00   129.00   133.00   138.00   150.00   159.00   294.00     0.00   343.00   348.00    29.00    83.00   147.00    84.00   113.00   118.00    86.00   132.00   139.00   126.00   120.00   118.00   116.00   120.00   120.00   124.00   126.00   134.00   136.00   147.00   147.00   152.00   171.00   193.00   215.00   195.00   179.00   153.00   161.00   126.00   156.00   146.00   168.00   196.00   162.00   159.00   135.00   141.00   138.00   137.00   132.00   136.00   126.00   126.00   130.00   135.00   138.00   135.00   131.00   140.00   117.00   103.00    96.00    97.00    96.00   100.00   106.00   102.00   126.00   111.00   105.00   102.00    92.00    99.00   112.00   120.00   129.00   111.00   126.00   126.00   104.00   121.00   114.00    96.00   101.00   102.00   102.00   112.00   107.00    99.00   102.00
   105.00   107.00   105.00   110.00   111.00   107.00   107.00   108.00   107.00   114.00   124.00   124.00    68.00    74.00    66.00    77.00    81.00    89.00    92.00    99.00   104.00   101.00   102.00   107.00   108.00   110.00   110.00   113.00   117.00   120.00   125.00   131.00   135.00   142.00   168.00   347.00   119.00   293.00   291.00   156.00   358.00   139.00    96.00    82.00   117.00   126.00    93.00   106.00    99.00    97.00   108.00   108.00   111.00   117.00   120.00   117.00   128.00   133.00   136.00   153.00   154.00   177.00   200.00   195.00   160.00   142.00   164.00   126.00   123.00   123.00   185.00   165.00   168.00   199.00   192.00   177.00   157.00   137.00   131.00   127.00   122.00   128.00   130.00   129.00   122.00   129.00   130.00   131.00   137.00   119.00   123.00    75.00   101.00   109.00   105.00   108.00   113.00   105.00   114.00   107.00    89.00    91.00   114.00   106.00   109.00   148.00   103.00   123.00   124.00   123.00   117.00   121.00   107.00   108.00   117.00   106.00   114.00   112.00   104.00   108.00
   101.00   100.00   107.00   111.00   110.00   108.00   112.00   108.00   117.00   123.00   130.00   139.00    86.00   314.00   359.00    27.00    58.00    66.00    84.00    92.00    99.00    95.00    96.00    99.00   103.00   104.00   108.00   111.00   112.00   118.00   120.00   126.00   132.00   135.00   134.00   114.00   223.00   206.00   107.00   162.00   241.00   133.00    45.00    28.00    59.00   110.00   105.00    77.00    92.00    93.00    97.00   102.00   101.00   112.00   114.00   117.00   120.00   135.00   141.00   143.00   159.00   170.00   196.00   182.00    87.00    97.00   107.00   113.00   100.00    33.00   138.00   157.00   253.00   243.00   168.00   102.00   186.00   113.00   119.00   119.00   124.00   125.00   123.00   113.00   125.00   135.00   116.00   124.00   128.00   131.00   124.00   114.00   121.00   126.00    97.00   111.00   114.00   108.00    89.00   105.00   105.00    92.00   118.00   128.00   123.00   127.00    92.00   109.00   135.00   118.00   117.00   120.00   117.00   111.00   114.00   121.00   119.00   125.00   114.00   123.00
   102.00    98.00    99.00   105.00   103.00   106.00   107.00   108.00   108.00   120.00   132.00   135.00   135.00   138.00   357.00     7.00    32.00    54.00    71.00    87.00    92.00    92.00    96.00    99.00   101.00   105.00   107.00   104.00   111.00   114.00   117.00   124.00   129.00   138.00   144.00   151.00   164.00   354.00    38.00   162.00   201.00   240.00   324.00    15.00     9.00    27.00    66.00    51.00    75.00    89.00    87.00    97.00   105.00   106.00   114.00   116.00   120.00   129.00   143.00   150.00   157.00   167.00   179.00   171.00    84.00    99.00   102.00   109.00   104.00   115.00   178.00   207.00   172.00   132.00   166.00   114.00   128.00   123.00   111.00   107.00   116.00   127.00   136.00   137.00   122.00   123.00   132.00   116.00   120.00   117.00   123.00   130.00   129.00   144.00   131.00   126.00   116.00     0.00    75.00   160.00   104.00   100.00    63.00   119.00   105.00   124.00   108.00    68.00   126.00   118.00   114.00   121.00   114.00   104.00   104.00   115.00   126.00   129.00   125.00   117.00
   141.00    96.00    90.00   106.00    93.00   100.00   101.00   108.00   108.00   114.00   120.00   136.00   147.00   150.00    42.00    28.00    36.00    45.00    58.00    71.00    80.00    84.00    91.00    90.00    97.00   102.00   106.00   104.00   111.00   112.00   114.00   121.00   130.00   141.00   149.00   164.00   190.00   304.00   302.00   150.00   192.00   222.00   294.00   348.00    44.00    30.00    36.00    31.00    52.00    72.00    84.00    99.00   111.00   123.00   132.00   142.00   150.00   168.00   183.00   172.00   169.00   169.00   171.00   180.00   104.00    77.00    42.00    90.00    69.00    82.00   149.00   180.00   134.00   138.00   102.00   114.00   106.00   127.00   101.00   124.00   113.00   130.00   139.00   137.00   130.00   125.00   129.00   114.00   111.00   116.00   121.00   135.00   142.00   159.00   174.00   153.00   198.00   228.00   128.00   121.00    96.00   100.00    78.00    56.00   132.00   126.00    59.00    51.00    72.00   115.00   100.00    97.00    98.00   101.00   102.00    99.00   114.00   124.00   132.00   139.00
   149.00   152.00    38.00    55.00    90.00    81.00    92.00    99.00   105.00   114.00   121.00   130.00   137.00   144.00    81.00    63.00    32.00    43.00    45.00    61.00    62.00    72.00    84.00    87.00    90.00    98.00   103.00   107.00   109.00   114.00   117.00   125.00   134.00   145.00   162.00   162.00   179.00   334.00   138.00   183.00   211.00   238.00   262.00   321.00    33.00    33.00    20.00    20.00    25.00    57.00    74.00    87.00    99.00   122.00   139.00   157.00   171.00   183.00   174.00   240.00   253.00   216.00   189.00   180.00   134.00    70.00    30.00    45.00    68.00    86.00   243.00   134.00   113.00   113.00   107.00    78.00    99.00   114.00   117.00   123.00   129.00   142.00   157.00   162.00   150.00   144.00   116.00   117.00   123.00   122.00   139.00   141.00   169.00   186.00   204.00   225.00   198.00   177.00    69.00    59.00    30.00    85.00   109.00   166.00   237.00   320.00    18.00    20.00    18.00    18.00   101.00    65.00    76.00    87.00    93.00   102.00   114.00   127.00   133.00   145.00
   166.00   160.00   162.00   218.00   322.00   359.00    18.00    89.00   121.00   102.00   123.00   128.00   131.00   134.00   123.00   106.00    35.00    21.00    17.00    33.00    35.00    51.00    61.00    73.00    69.00    80.00    94.00   111.00   126.00   133.00   139.00   145.00   153.00   157.00   161.00   171.00   113.00   298.00   186.00   198.00   222.00   258.00   283.00   296.00     2.00     9.00     2.00     3.00    14.00    21.00    33.00    60.00    92.00   142.00   150.00   175.00   190.00   211.00   210.00   238.00   278.00   294.00   248.00   206.00   179.00    24.00   353.00    45.00    45.00   136.00   310.00    81.00   102.00   100.00   104.00   106.00   111.00   126.00   126.00   135.00   153.00   168.00   231.00   244.00   250.00   230.00   198.00   104.00   121.00   129.00   145.00   156.00   190.00   216.00   219.00   230.00   243.00   315.00    42.00    60.00    66.00   358.00    36.00   358.00   246.00   258.00   318.00   323.00   341.00   349.00     6.00   340.00    21.00    49.00    81.00    96.00   118.00   141.00   145.00   157.00
   196.00   198.00   192.00   233.00   223.00   303.00   309.00   314.00   292.00   255.00   306.00   338.00   129.00   119.00   126.00   123.00   122.00   195.00   336.00   350.00   357.00     2.00   357.00     8.00    18.00   291.00   124.00   238.00   258.00   257.00   221.00   258.00   256.00   246.00   190.00   174.00    90.00    55.00   312.00   228.00   246.00   240.00   269.00   333.00   337.00   355.00   351.00   354.00   350.00   359.00    15.00    72.00    87.00   151.00   189.00   193.00   198.00   210.00   220.00   231.00   244.00   294.00   314.00   296.00   228.00   320.00    35.00   345.00     7.00   320.00    27.00    41.00    69.00    81.00    87.00    94.00   108.00   123.00   132.00   142.00   159.00   172.00   183.00   198.00   273.00   295.00   292.00   297.00   298.00   228.00   186.00   173.00   186.00   195.00   220.00   229.00   175.00    22.00    28.00   103.00    59.00   165.00   257.00   258.00   253.00   280.00   297.00   309.00   322.00   359.00   311.00   328.00   332.00   345.00   359.00    57.00    96.00   156.00   159.00   181.00
   170.00   189.00   216.00   211.00   222.00   276.00   275.00   311.00   303.00   293.00   317.00   305.00   312.00   322.00   270.00    93.00   169.00   163.00   213.00   321.00   324.00   324.00   320.00   315.00   297.00   294.00   236.00   244.00   267.00   298.00   267.00   267.00   285.00   288.00   294.00   285.00   112.00   357.00   315.00   246.00   234.00   233.00   216.00   351.00   325.00   357.00   342.00   342.00   338.00    24.00    47.00    57.00   126.00   222.00   217.00   223.00   221.00   221.00   222.00   231.00   237.00   262.00   298.00   315.00   296.00   291.00    19.00     6.00     0.00    21.00    14.00    23.00    36.00    51.00    62.00    78.00   105.00   129.00   143.00   160.00   172.00   183.00   192.00   200.00   206.00   164.00   305.00   303.00   305.00   292.00   276.00   189.00   187.00   217.00   225.00   232.00   235.00    50.00    50.00   326.00   141.00   204.00   204.00   235.00   244.00   266.00   152.00   303.00   324.00   337.00   329.00   315.00   328.00   332.00   350.00   359.00    17.00   174.00   202.00   188.00
   213.00   220.00   228.00   216.00   248.00   240.00   294.00   295.00   192.00   312.00   304.00   309.00   303.00   312.00   317.00   324.00   295.00   259.00   120.00    83.00   352.00    54.00    85.00    98.00   111.00   144.00   182.00   206.00   161.00   225.00   269.00   253.00   155.00   275.00   319.00   348.00   299.00   279.00   322.00   253.00   235.00   220.00   241.00   150.00    93.00    12.00     0.00    16.00    42.00    45.00    40.00    85.00   234.00   240.00   231.00   235.00   243.00   240.00   246.00   240.00   238.00   226.00   325.00   294.00   320.00   307.00   321.00   351.00     0.00     4.00     6.00     5.00     5.00   357.00   345.00   321.00   273.00   292.00   235.00   219.00   211.00     0.00   209.00   207.00   212.00   220.00   249.00   294.00   319.00   314.00   291.00   321.00   185.00   168.00   104.00   101.00    96.00    97.00   120.00   144.00   203.00   171.00   214.00   222.00   230.00   240.00   261.00   294.00     6.00   313.00   324.00   318.00   322.00   330.00   340.00   335.00   337.00   263.00   238.00   145.00
   231.00   221.00   226.00   210.00   245.00   259.00   240.00   299.00   302.00   313.00   312.00   315.00   308.00   300.00   299.00   309.00   318.00   339.00   339.00    20.00    48.00    51.00   124.00   141.00   227.00   218.00   218.00   226.00   237.00   244.00   252.00   256.00   259.00   253.00   205.00   349.00   313.00   264.00   286.00   258.00   233.00   230.00   258.00   319.00    59.00    57.00    63.00    63.00    54.00    60.00    88.00   189.00   207.00   222.00   228.00   228.00   234.00   244.00   251.00   253.00   264.00   259.00   258.00   242.00   297.00   332.00   321.00   343.00   352.00     5.00   357.00   342.00   332.00   323.00   294.00   270.00   300.00   277.00   298.00   245.00   231.00   229.00   219.00   220.00   223.00   226.00   240.00   276.00   279.00   324.00   324.00   294.00   326.00    50.00    66.00    86.00    97.00   160.00   106.00   162.00   192.00   197.00   202.00   208.00   217.00   225.00   231.00   192.00   283.00   306.00   315.00   311.00   321.00   331.00   336.00   335.00   335.00   255.00   328.00   321.00
   254.00   245.00   247.00   241.00   234.00   240.00   267.00   240.00   218.00   304.00   324.00   334.00   308.00   302.00   290.00   287.00   314.00   324.00   324.00   327.00   315.00   310.00   285.00   243.00   226.00   225.00   225.00   223.00   222.00   229.00   203.00   272.00   270.00   294.00   254.00     3.00   350.00   258.00   299.00   246.00   227.00   203.00   222.00    36.00    47.00    66.00    63.00    60.00    56.00    52.00   169.00   207.00   216.00   218.00   215.00   215.00   225.00   233.00   243.00   217.00   297.00   258.00   283.00   279.00   273.00   287.00   332.00   339.00   358.00   353.00   345.00   339.00   319.00   303.00   299.00   285.00   277.00   282.00   291.00   264.00   240.00   225.00   219.00   222.00   225.00   231.00   232.00   234.00   252.00   281.00   336.00   323.00   334.00   354.00    17.00    39.00    78.00   114.00   183.00   173.00   179.00   192.00   201.00   213.00   218.00   223.00   228.00   252.00    21.00   294.00   318.00   330.00   332.00   320.00   343.00   342.00    49.00    27.00   335.00   284.00
   252.00   246.00   246.00   245.00   239.00   244.00   254.00   279.00   279.00   294.00   309.00   311.00   306.00   303.00   299.00   293.00   300.00   329.00   329.00   322.00   314.00   318.00   291.00   274.00   280.00   255.00   238.00   242.00   234.00   230.00   240.00   180.00   282.00   294.00   321.00   282.00   328.00   312.00   350.00   245.00   173.00   110.00    96.00    76.00    66.00    60.00    57.00    54.00    53.00    21.00   183.00   213.00   214.00   217.00   220.00   224.00   224.00   229.00   237.00   249.00   268.00   274.00   287.00   285.00   279.00   333.00   308.00   335.00   344.00   342.00   330.00   324.00   315.00   302.00   293.00   281.00   280.00   292.00   308.00   312.00   252.00   238.00   234.00   228.00   227.00   227.00   235.00    62.00   215.00   252.00   354.00   340.00   339.00   351.00   357.00   352.00    18.00   144.00   174.00   176.00   185.00   197.00   204.00   210.00   230.00   229.00   228.00   228.00   280.00   291.00   325.00   335.00   332.00   330.00   342.00   334.00   351.00   355.00   305.00   309.00
   263.00   264.00   256.00   245.00   246.00   254.00   247.00   264.00   288.00   305.00   308.00   305.00   303.00   306.00   304.00   302.00   282.00   318.00   333.00   327.00   319.00   309.00   287.00   273.00   294.00   289.00   257.00   249.00   242.00   236.00   241.00   267.00   271.00   322.00   327.00   315.00   315.00   339.00     9.00    30.00    76.00   103.00   102.00    81.00    67.00    59.00    48.00    42.00    60.00   251.00   252.00   237.00   237.00   242.00   239.00   231.00   224.00   222.00   228.00   242.00   197.00   269.00   293.00   279.00   333.00   299.00   345.00   327.00   332.00   329.00   326.00   320.00   308.00   297.00   288.00   278.00   225.00   330.00   303.00   276.00   258.00   244.00   229.00   225.00   231.00   225.00   215.00    13.00   269.00   213.00   297.00   336.00   358.00   353.00   354.00     0.00   342.00   322.00   231.00   199.00   201.00   206.00   201.00   198.00   197.00   201.00   210.00   227.00   240.00   200.00   273.00   308.00   314.00   321.00   324.00   326.00   327.00   317.00   297.00   309.00
   239.00   247.00   264.00   248.00   248.00   239.00   249.00   260.00   282.00   321.00   296.00   323.00   303.00   312.00   309.00   343.00   291.00   325.00   330.00   330.00   317.00   297.00   270.00   267.00   264.00   261.00   288.00   255.00   251.00   236.00   239.00   256.00   295.00   309.00   335.00     1.00     6.00   357.00     0.00   357.00    18.00    36.00    54.00    42.00    39.00    32.00    12.00   286.00   285.00   272.00   248.00   243.00   237.00   228.00   222.00   216.00   212.00   212.00   212.00   212.00   224.00   229.00   267.00    17.00   334.00   279.00   343.00   327.00   327.00   326.00   326.00   321.00   314.00   303.00   293.00   333.00   357.00   315.00   309.00   255.00   258.00   246.00   236.00   234.00   234.00   255.00   259.00   265.00   270.00   225.00   180.00   272.00   342.00   350.00   350.00   353.00   335.00   311.00   303.00   213.00   207.00   201.00   200.00   199.00   200.00   203.00   208.00   219.00   250.00   238.00   239.00   176.00   333.00   330.00   324.00   352.00   331.00   338.00   341.00   248.00
   240.00   239.00   237.00   240.00   257.00   146.00   237.00   213.00   200.00   216.00   355.00   340.00   336.00    16.00     3.00   338.00    58.00    38.00    43.00   352.00   273.00   261.00   260.00   258.00   258.00   261.00   261.00   250.00   269.00   228.00   240.00   180.00   303.00   150.00   321.00   337.00   359.00   345.00   343.00   347.00   346.00   345.00   344.00   351.00   341.00   312.00   318.00   312.00   258.00   248.00   243.00   237.00   231.00   221.00   210.00   206.00   204.00   203.00   204.00   208.00   213.00   228.00   152.00   246.00   273.00   306.00   336.00   334.00   339.00   333.00   348.00   337.00   355.00    10.00   354.00   327.00   315.00   248.00   300.00   264.00   249.00   258.00   243.00   233.00   250.00   241.00   210.00   291.00   226.00   241.00   186.00    40.00   350.00   357.00   353.00   350.00   332.00   326.00   309.00   266.00   224.00   211.00   208.00   205.00   203.00   203.00   199.00   189.00   218.00   237.00   183.00   110.00   339.00   344.00   330.00   336.00   356.00   342.00     7.00   264.00
   245.00   239.00   249.00   126.00   234.00   235.00    48.00    92.00   105.00   105.00   103.00   101.00    96.00    94.00    83.00    81.00    74.00    78.00   186.00   240.00   240.00   240.00   241.00   245.00   246.00   261.00   257.00   257.00   252.00   234.00   223.00   227.00   297.00   298.00   336.00   342.00   336.00   341.00   346.00   342.00   336.00   336.00   326.00   324.00   314.00   289.00   312.00   266.00   257.00   248.00   239.00   239.00   236.00   229.00   211.00   207.00   205.00   213.00   207.00   204.00   201.00   207.00   211.00   222.00   223.00   315.00   347.00   347.00   339.00   340.00   355.00    13.00   357.00   338.00   327.00   287.00   292.00   264.00   264.00   265.00   244.00   273.00   273.00   250.00   252.00   167.00   268.00   306.00   285.00   277.00    61.00   190.00   104.00   342.00   348.00   345.00   327.00   315.00   291.00   354.00   264.00   232.00   219.00   210.00   203.00   200.00   201.00   206.00   209.00   237.00   141.00   325.00     0.00    30.00     8.00     1.00   339.00   314.00   285.00   335.00
   249.00   228.00   258.00   166.00   241.00    62.00    32.00    53.00    69.00    80.00    80.00    80.00    77.00    74.00    74.00    75.00   129.00   219.00   224.00   231.00   233.00   234.00   235.00   234.00   238.00   252.00   240.00   245.00   297.00   258.00   221.00   193.00   155.00   354.00   348.00   339.00   341.00   349.00   342.00   338.00   332.00   327.00   323.00   318.00   306.00   293.00   281.00   334.00   267.00   265.00   257.00   249.00   259.00   309.00   297.00   252.00   226.00   222.00   216.00   216.00   214.00   207.00   201.00   197.00   203.00   170.00     4.00    15.00    27.00    25.00    32.00    23.00     8.00   341.00   314.00   279.00   259.00   249.00   251.00   251.00   252.00   259.00   259.00   285.00   287.00   309.00   304.00   123.00   298.00   297.00   309.00   245.00   259.00   294.00   330.00   336.00   329.00   314.00   290.00   282.00   267.00   236.00   221.00   215.00   201.00   195.00   198.00   195.00   183.00   171.00   114.00    60.00    58.00    58.00     9.00   305.00   315.00   313.00   315.00   332.00
   267.00   265.00   205.00   328.00   277.00     3.00    30.00    36.00    42.00    47.00    54.00    60.00    51.00    42.00   130.00   232.00   232.00   228.00   222.00   230.00   233.00   234.00   234.00   233.00   241.00   251.00   255.00   280.00   265.00   276.00   246.00   235.00   243.00   309.00   327.00   355.00   344.00   342.00   351.00     9.00     0.00   333.00   324.00   314.00   309.00   302.00   287.00   285.00   269.00   260.00   261.00   269.00   285.00   311.00   303.00   263.00   245.00   234.00   219.00   221.00   221.00   222.00   213.00   204.00   185.00   119.00    81.00    59.00    47.00    33.00    20.00    11.00   351.00   330.00   342.00   276.00   255.00   249.00   261.00   255.00   260.00   285.00   301.00   307.00   307.00   319.00   356.00   338.00   244.00   327.00   308.00   314.00   265.00   318.00     4.00     4.00   346.00   342.00   345.00   303.00   318.00   278.00   270.00   253.00   252.00   232.00   207.00   186.00   169.00   159.00   129.00   108.00   114.00   132.00   124.00     2.00    34.00    21.00   315.00   321.00
   269.00   285.00   273.00   353.00   355.00     3.00     9.00    15.00     8.00     3.00   356.00   344.00   321.00   296.00   276.00   262.00   261.00   238.00   229.00   221.00   215.00   213.00   200.00   197.00   206.00   217.00   227.00   280.00   249.00   279.00   280.00   309.00   303.00   276.00   345.00   359.00   320.00    12.00   251.00   347.00   345.00   345.00   340.00   328.00   314.00   309.00   299.00   288.00   291.00   336.00   252.00   289.00   299.00   291.00   306.00   258.00   257.00   251.00   234.00   215.00   192.00   179.00   177.00   183.00   167.00   180.00    72.00   126.00    27.00    27.00    37.00    46.00    36.00   156.00   240.00   180.00   141.00   159.00   201.00   156.00   128.00   100.00    33.00   349.00    13.00    21.00    51.00    66.00    75.00   102.00   112.00   114.00   121.00    98.00    84.00   157.00   150.00   172.00   152.00   152.00   132.00   163.00   161.00   133.00   159.00   175.00   183.00   171.00   155.00   199.00   150.00   135.00   147.00   168.00   189.00   224.00   283.00   297.00   298.00   289.00
   195.00   215.00     3.00     3.00   354.00     1.00     3.00     6.00   354.00   344.00   327.00   315.00   302.00   282.00   279.00   264.00   230.00   240.00   240.00   233.00   234.00   227.00   227.00   213.00   204.00   204.00   206.00   154.00   129.00    80.00    84.00    23.00   263.00   225.00   129.00   126.00   114.00   339.00    39.00   166.00   358.00   356.00   357.00   353.00   341.00   332.00   318.00   308.00   294.00   293.00   330.00   342.00   318.00   264.00   245.00   245.00   242.00   255.00   248.00   262.00   198.00   165.00   153.00   148.00   108.00   109.00   116.00   127.00   116.00    94.00    98.00    96.00   156.00    97.00    75.00   101.00   120.00   121.00   119.00   145.00   151.00   153.00   138.00    50.00    45.00    35.00    35.00    42.00    60.00    78.00    96.00   108.00   145.00   168.00   189.00   205.00   219.00   218.00   205.00   181.00   187.00   211.00   216.00   202.00   208.00   202.00   211.00   204.00   189.00   177.00   164.00   150.00   147.00   231.00   320.00   285.00   129.00   159.00   172.00   186.00
   182.00   177.00   156.00     8.00     4.00   357.00   352.00   346.00   349.00   355.00   347.00   336.00   317.00   287.00   272.00   251.00   250.00   198.00   243.00   247.00   243.00   234.00   240.00   222.00   218.00   235.00   262.00   181.00   103.00   121.00   141.00   156.00   149.00   148.00   222.00    54.00    66.00    60.00     9.00   162.00   204.00   201.00   195.00   359.00   355.00   349.00    10.00    43.00    43.00    46.00    42.00     2.00   268.00   162.00   167.00   180.00    99.00   100.00   129.00   143.00    76.00    66.00    77.00    99.00   108.00   107.00    98.00    98.00   100.00   107.00    90.00    93.00   101.00   114.00   113.00   114.00   120.00   166.00   192.00   195.00   129.00   164.00   123.00    63.00    64.00    61.00    53.00    42.00    26.00     2.00   323.00   228.00   233.00   224.00   223.00   215.00   219.00   229.00   238.00   231.00   262.00   264.00   261.00   239.00   245.00   230.00   219.00   209.00   201.00   195.00   195.00   211.00   238.00   325.00   119.00   315.00   213.00   213.00   197.00   183.00
   177.00   151.00   140.00   134.00    97.00    30.00    55.00    82.00    91.00    63.00    64.00    52.00    30.00   112.00    39.00   256.00   210.00   175.00   231.00   198.00   192.00   192.00   159.00   186.00   144.00   126.00   119.00   115.00   111.00   110.00   113.00   139.00   162.00   117.00   147.00   147.00   205.00   215.00   182.00   165.00   144.00   122.00    98.00    96.00    96.00   102.00   100.00    76.00    65.00    41.00   103.00   142.00   159.00   149.00   132.00    90.00    65.00    42.00    35.00    35.00    35.00    30.00    21.00    24.00    21.00    27.00    30.00    36.00    39.00    47.00    57.00    66.00    80.00   105.00   138.00   163.00   175.00   168.00   171.00   163.00   147.00    87.00    78.00    64.00    48.00    30.00    18.00     5.00   356.00   347.00   303.00   228.00   249.00   244.00   240.00   232.00   226.00   224.00   228.00   237.00   231.00   240.00   233.00   222.00   234.00   233.00   228.00   225.00   218.00   212.00   207.00   202.00   193.00   234.00   288.00   252.00   207.00   198.00   186.00   181.00
   180.00   169.00   157.00   154.00   146.00   133.00   138.00   139.00   120.00   117.00    15.00   339.00   331.00   354.00   357.00   351.00   348.00   322.00   313.00   312.00   306.00   280.00   235.00   288.00    80.00   123.00   133.00   152.00   156.00   162.00   235.00   213.00   256.00   161.00   186.00   190.00   175.00   191.00   180.00   180.00   192.00   183.00   171.00    42.00   330.00   135.00   156.00   143.00   142.00   126.00    51.00    52.00    18.00    63.00    51.00    49.00    42.00    39.00    27.00    27.00    29.00    27.00    24.00    18.00    15.00    11.00     9.00     8.00     6.00     8.00     5.00     2.00     1.00    10.00    14.00   354.00   307.00   192.00   168.00   152.00    63.00    24.00   359.00   354.00   347.00   326.00   203.00   268.00   271.00   229.00   230.00   261.00   256.00   248.00   239.00   233.00   231.00   226.00   221.00   216.00   210.00   210.00   217.00   222.00   221.00   222.00   225.00   227.00   235.00   247.00   258.00   262.00   297.00   276.00   272.00   261.00   300.00   294.00   219.00   199.00
   122.00   138.00   132.00   133.00    84.00    42.00    49.00    19.00    18.00    75.00    60.00    48.00    43.00    42.00     9.00     6.00     2.00   358.00     7.00    18.00    12.00     3.00   352.00   333.00   351.00   333.00    52.00    66.00   100.00   182.00   194.00   196.00   197.00   188.00   183.00   174.00   180.00   203.00   208.00   186.00   193.00   183.00   205.00   157.00   183.00   114.00    90.00    95.00    98.00    98.00    99.00    98.00    84.00    72.00    70.00    67.00    66.00    64.00    61.00    55.00    51.00    42.00    34.00    27.00    22.00    21.00    19.00    16.00    15.00    16.00    10.00     6.00     3.00   355.00   351.00   348.00   348.00   347.00   347.00   344.00   336.00   329.00   321.00   314.00   302.00   293.00   282.00   275.00   311.00   269.00   249.00   258.00   254.00   249.00   243.00   237.00   233.00   228.00   225.00   231.00   227.00   219.00   213.00   212.00   209.00   204.00   198.00   197.00   195.00   189.00   186.00   237.00   260.00   246.00   215.00   125.00   144.00   149.00   144.00   132.00
   221.00   122.00   123.00   129.00   217.00   213.00   169.00   142.00   101.00    95.00    99.00    96.00   102.00   119.00   141.00   162.00     0.00   159.00   130.00   144.00   115.00    90.00    75.00    80.00   108.00   135.00   154.00   164.00   160.00   204.00   216.00   199.00   170.00   161.00   162.00   154.00   123.00   112.00   111.00   122.00   129.00   127.00   124.00   120.00   114.00   108.00   100.00    93.00    87.00    83.00    77.00    74.00    75.00    75.00    72.00    72.00    71.00    68.00    66.00    62.00    59.00    54.00    51.00    47.00    42.00    38.00    33.00    29.00    26.00    24.00    20.00    15.00     9.00     2.00   356.00   352.00   348.00   344.00   339.00   336.00   330.00   324.00   318.00   312.00   308.00   301.00   295.00   290.00   285.00   279.00   259.00   268.00   261.00   255.00   249.00   243.00   236.00   231.00   225.00   218.00   212.00   209.00   206.00   201.00   197.00   193.00   191.00   189.00   186.00   183.00   180.00   179.00   176.00   173.00   144.00   159.00   187.00    99.00   118.00   177.00
   166.00   166.00   168.00   172.00   175.00   180.00   183.00   184.00   184.00   183.00   181.00   178.00   175.00   171.00   169.00   166.00   165.00   163.00   163.00   165.00   165.00   166.00   168.00   168.00   168.00   166.00   165.00   163.00   161.00   159.00   159.00   157.00   156.00   153.00   151.00   148.00   145.00   142.00   139.00   136.00   134.00   132.00   129.00   128.00   125.00   123.00   122.00   120.00   117.00   113.00   108.00   104.00    99.00    94.00    89.00    84.00    81.00    77.00    74.00    71.00    68.00    63.00    60.00    56.00    53.00    49.00    45.00    42.00    38.00    35.00    33.00    30.00    28.00    25.00    24.00    21.00    18.00    13.00     7.00     1.00   354.00   345.00   336.00   327.00   320.00   314.00   309.00   304.00   300.00   290.00   295.00   292.00   288.00   282.00   277.00   273.00   268.00   261.00   259.00   258.00   253.00   250.00   247.00   246.00   246.00   244.00   238.00   229.00   220.00   211.00   202.00   196.00   190.00   184.00   180.00   175.00   172.00   169.00   168.00   166.00
